48452
44400
41165
66551
85443
26386
58597
51937
95345
77055
46839
35225
92044
55354
17937
82736
18459
39855
10152
50864
33690
75065
71253
79693
75072
45764
6864
80474
67625
40172
35431
60311
63397
27557
43291
29928
60412
20884
77655
76513
53052
76986
56205
93438
55936
61137
99439
64751
55295
75279
77607
10321
74735
84488
66644
96375
62868
13424
76833
2791
11656
84157
31555
66977
25288
33259
6704
25466
95897
28057
41494
93447
93398
22320
99263
79061
85303
38468
91871
75733
17087
56691
15511
65748
83010
87659
49450
77097
65969
76520
59768
38408
28612
62395
11100
51828
1347
19846
74655
11024
28080
24163
85208
63894
7636
39397
42017
35265
86277
74486
12950
94565
8144
62143
49356
30719
49033
85702
51531
7622
58221
35121
8266
49505
96880
94698
98502
14962
3175
92571
65022
54256
6100
78296
78862
98866
80042
27739
33926
25223
29436
78507
95047
79363
57638
5686
2393
57204
1879
73789
18251
60787
51674
17871
17609
57685
71135
17869
86739
92449
33963
653
30112
95132
25241
11770
96590
72576
67179
83961
11588
5323
16305
46438
34854
96020
38932
95261
20212
95640
91520
70228
75808
5394
84108
42629
68393
54474
32231
10186
43065
30852
28289
24161
41528
75481
41363
32367
94027
45987
16236
54721
21101
51793
89913
84557
61384
74170
88911
22391
93167
94799
8856
96975
43227
79881
41689
31800
73216
44930
99228
70052
14668
78335
24478
16443
74619
42763
55574
9146
64858
7807
7649
78807
84598
13373
58278
76611
62240
67003
28875
72681
65664
28573
32436
45843
28978
3388
84370
14731
74913
79426
45392
52287
18239
32279
96853
5566
70814
88149
98391
5759
71118
60280
53149
89088
38291
19282
94670
92044
59042
89435
67195
53654
59641
31749
58150
83554
88600
18893
8334
33859
16160
55021
56216
5759
62182
52527
20540
82126
83187
28028
16841
85153
70843
87827
18101
5472
96440
94997
52676
55788
22883
94716
87188
61635
86799
28108
6564
56961
32354
10242
74687
23459
9680
33929
62473
72424
1781
69515
45220
78768
63439
66980
44703
91014
52182
54131
31964
20442
52249
618
54269
10119
77303
94820
51338
78547
54902
49270
31457
88053
95779
45566
77082
39312
79815
49816
64342
83934
12546
70608
36036
88904
52230
6065
26639
51537
97555
316
59528
24659
41162
44340
63755
50657
37520
35606
5200
42347
66594
15047
69521
69120
42032
98373
24659
81102
90231
16735
26803
37892
76382
97665
7086
91609
76332
32583
72620
41702
88868
35090
21898
10670
88255
32985
83780
9150
2597
15767
83195
206
28647
53602
78696
13127
12667
78684
49437
63840
6517
89410
71764
89921
55135
75650
3831
64776
30901
4201
53675
67881
75487
29754
14745
12911
1676
34107
49786
57570
5863
29738
30431
49793
82649
64877
32122
57071
8315
56294
76205
80138
46805
28037
70381
37942
93304
34231
29042
75512
5045
63613
75102
12830
48664
19639
59943
96892
3012
89631
50307
26289
96268
66963
73583
77768
84491
43946
49788
410
15905
45031
67798
47985
18219
14443
1298
77000
91774
9477
34004
4078
39679
33092
89115
82889
47906
24878
19881
50070
16285
73769
63954
78159
63528
71606
46176
41094
70707
11165
4033
82030
55108
30084
67470
82072
86635
70873
41784
9819
59780
89487
36913
46957
79625
55941
74260
70286
22865
83265
96115
1796
79401
55292
2107
27488
61485
74967
8198
9087
55364
85900
95452
8621
98357
89023
14759
65093
23465
32019
55602
95187
3295
42009
57468
4410
76229
50531
83199
13873
8922
98678
72440
99655
16126
2206
17362
456
24338
68219
38356
64632
97457
3514
53603
54301
30218
70366
76693
62713
61849
19677
35796
86676
11777
49511
58538
77976
31401
76641
6319
74966
9232
66992
60557
78406
75790
7121
56044
89483
81064
37157
73503
86261
17103
70282
22569
78944
80342
53253
17901
2042
31759
70650
56786
23650
30401
26238
75087
5292
10407
48996
91128
97153
76008
21332
73797
54499
69998
22330
89051
81741
62725
66202
65978
51033
98579
1825
40515
85052
10222
62774
4291
79308
24638
98096
30432
65441
10513
30145
48286
86617
63380
32272
24655
81206
78133
34693
50613
11298
60722
31933
37717
18099
91613
20765
57306
38409
72975
77442
53155
73203
75429
31831
76459
29138
476
42593
9778
24982
82053
69397
61356
48676
80996
44937
87974
58425
69899
45671
26257
91656
94446
51901
28941
4191
46915
35346
69811
89512
91480
45267
70271
74411
41648
18635
42200
90353
6171
5714
91101
80195
38801
3740
35309
83857
26155
97394
59283
46382
29727
54142
3277
70488
4054
81663
43447
22998
12235
61757
30937
45371
25442
12502
39785
95527
8898
90871
38750
86188
23760
6022
34707
35789
41802
44220
71700
43075
48893
6256
19913
4985
30820
41935
68316
94455
73118
83623
95207
15901
14090
4834
33727
95269
8001
19184
66775
72363
54959
96318
63187
62664
28048
52163
98506
28217
72100
60344
24470
22238
79182
8327
61724
73055
1935
14396
9618
21769
53465
16089
36690
45110
78739
38406
75290
4075
86152
27845
31804
23290
90764
14596
5257
61512
39501
36491
88437
13737
99761
71125
2439
33191
35666
34363
28256
88866
36435
81420
13541
96401
26909
10489
62570
12006
45402
4972
86141
62256
63437
82233
52301
57722
63916
82797
99317
83953
55740
29443
78280
17891
85863
92629
33594
51906
43100
98896
73609
91207
53092
63136
29063
4180
18364
16458
70085
54962
30516
64825
21181
18649
38595
65583
97980
86958
10660
349
80586
38086
41809
47279
71480
51721
35354
36702
41796
87634
2210
17129
42508
38995
61783
45758
76717
46933
56908
93105
70678
52124
48372
77935
70478
35913
14717
93357
45535
22618
54087
75065
73085
95372
70112
84082
54359
20224
31933
66196
54457
92828
84598
70603
29723
93160
11743
84105
60106
98520
53631
2738
90993
5578
84687
2580
17220
8613
57201
72821
3720
91906
1737
62884
34722
45190
80764
68082
40411
66733
23812
50425
88044
77667
61838
18170
46220
747
40945
36037
21843
29859
74602
79697
23274
30462
24664
10380
51954
75057
54897
62508
81485
95178
40383
17987
50412
27673
28091
65873
4086
74931
73252
28083
64562
16299
26908
19258
82898
57633
31936
8983
32892
81239
1697
56369
68885
56286
66692
81593
79276
22576
11826
18645
6369
9270
93724
71193
47760
30025
14832
60020
58494
90453
60752
37669
40447
57690
33461
71630
11873
75340
14080
56609
46456
54587
84760
78776
43815
86029
76069
4257
99048
68326
11272
70389
53240
33129
48341
96714
62658
10169
59662
92798
18822
121
189
53492
46310
77233
94733
79675
85357
91890
21318
69354
1628
67472
1763
28392
79187
16494
24370
2631
14648
71896
43143
67569
57894
68521
36893
78266
43797
2125
54314
16021
64386
14401
59550
56483
77468
16631
14744
47877
57611
84853
101
16979
87804
98141
57462
20966
34700
65511
48700
67599
81169
68714
50883
75466
6400
19130
46184
79885
86974
65067
86713
72411
49927
56563
90727
12470
91540
33710
64682
61424
86253
64923
87314
66754
29931
55811
90053
54965
54248
78618
84026
30
15238
53503
78128
5639
92953
42974
27755
48808
46673
63156
4653
84949
31879
73298
68685
65137
56836
18490
7927
71872
7593
20742
20128
71898
65342
56457
36451
42683
5530
40717
97149
25271
8300
19131
18562
44715
4420
28890
634
88462
8257
23662
94555
43175
13080
50145
3204
23864
76990
73920
19315
2648
22130
42364
54211
33759
59657
29521
34502
72730
74423
36387
8219
2366
88951
9028
96332
21113
38807
51474
42151
14468
37443
74909
17111
64756
98669
15686
43646
46128
99094
11907
53041
63389
90556
48800
75504
34261
12383
9983
20288
20599
26993
45984
35911
86167
70490
96059
84260
84214
66757
21162
34440
31692
74027
29796
92597
37666
25146
19716
25489
98428
28897
77544
72103
45747
39931
75957
87642
78561
52533
61368
93191
92502
62750
92296
40822
86055
61994
87559
36252
56038
45219
98310
86417
43372
51948
65512
92137
68435
47795
61823
22449
15553
47731
94291
44615
48158
25635
17729
80374
71494
25823
84096
77933
80794
82704
88382
12667
12145
52027
75049
90218
44428
57795
96746
73077
64936
32795
97868
62278
98444
83020
65019
11441
1
89344
15335
14246
49377
43753
63943
2551
87881
35408
22074
72615
91048
83261
35976
6635
30682
84800
62952
36128
96046
87131
4155
88648
2594
96460
88309
4578
40753
96474
65180
39365
39874
12795
65096
74009
23554
44511
54987
99762
43916
41501
72874
71721
42341
46680
43305
68825
43396
80046
1733
54579
27214
50461
93819
62335
20288
96178
58118
74032
66725
9615
43653
88257
97736
6328
86907
46866
7843
12507
592
60314
13365
32762
76021
46183
8370
26550
7941
32857
43349
8857
40295
84023
61873
50847
18607
75341
38693
70722
37188
14275
66029
86657
95804
58619
3477
52717
13540
53350
60617
19056
33532
22083
10247
23866
74047
14773
82742
78889
71904
36384
9200
13236
13616
29568
31035
73332
8892
54950
87989
53680
54578
44336
89133
56291
6244
83812
1807
74636
78502
2345
53975
70258
92882
55010
49031
37426
49771
54311
32244
35430
70718
90529
92314
18100
64100
65858
59215
96784
9316
86239
94581
58127
12693
84044
61289
97449
78241
29938
16313
94346
80998
83343
93331
10837
25846
39050
89560
99509
89182
52145
92527
93602
93091
40305
44181
15916
69256
95985
34386
99720
99372
70028
3336
91092
1361
61801
48197
92552
2519
59480
90167
51386
93543
52939
18463
27470
51852
34127
59486
17625
51355
62854
2732
46800
98067
39587
71271
47570
15647
90017
28425
20174
18233
27391
17426
74226
30121
48444
91268
44786
14827
64075
23278
23889
6894
69971
15296
4111
96152
10950
43197
23247
31271
43708
47919
80420
75506
20843
75476
53976
97422
44965
82837
52952
44461
72430
57336
81695
20545
35097
61867
48413
91007
11998
20673
55075
66686
73946
60090
11406
85694
92066
15546
13166
64261
23269
89499
75474
18756
12126
58462
40274
63001
77203
83357
21049
90670
60525
35580
98732
27454
6292
36094
52027
81784
46534
70036
81475
14684
81299
25296
31742
63554
70136
43960
86184
19578
52535
72661
79854
84046
28687
62571
61717
66211
48893
96035
35397
75070
23087
88964
46480
56644
9920
37601
29570
19642
99061
81420
4710
87147
24947
32295
147
65640
34555
98875
17010
8553
54628
87202
83405
434
66579
73726
89429
83825
94169
90317
75952
6083
63336
4532
63965
46102
65843
66360
7813
28937
71266
88811
26624
68752
58831
82148
33665
17844
95424
50791
89024
76215
71489
70756
13473
80949
19933
77244
95974
23078
50393
96573
95694
25600
67501
21294
36232
90905
93344
80998
52536
28233
64767
79287
13509
38222
23993
4296
58332
26282
79386
10241
96933
93031
96546
67327
68864
635
96449
10247
4443
24518
1746
79543
13267
67192
62577
60248
97860
49840
9946
50736
78480
66687
12576
4148
90984
16682
97894
77626
6393
57166
57405
68844
59253
30110
67899
11865
68605
12264
43988
34277
10185
7671
93304
44353
79476
22033
42345
62869
33574
95712
96247
8058
83391
70893
74329
13860
669
60552
19722
71356
63947
40580
95358
34220
35270
18176
49376
17300
12076
57889
8073
35322
62275
95674
28511
47741
44996
37998
85224
57898
52354
63724
1289
56519
40443
91192
67935
44173
36570
71627
66233
45716
37893
31185
51024
82342
17226
6352
19269
73173
84769
19944
14965
13224
52222
15446
18907
70800
89367
24594
91330
51066
93228
92601
30309
95645
31095
42085
81350
7794
10545
2647
21831
83140
87773
62007
12136
38333
92406
86482
18013
64960
57169
2786
71179
12981
97006
58572
97120
47870
16609
91075
15148
65129
4567
49322
5727
33662
85383
11286
20768
71832
99382
80049
95400
81136
80679
18683
31769
56469
49629
37387
83422
33912
98446
51892
88576
14596
78407
19619
20481
89643
28470
8612
46329
13531
36824
95652
26859
84623
46303
91824
20708
73506
33535
73149
35151
61214
9173
57729
84663
79571
21044
47231
61210
94083
81390
5376
56710
46585
60316
95164
36020
64314
80650
38361
4350
77204
77954
3690
4765
20660
59859
1016
92387
54324
38525
78622
39282
4880
46748
28910
57367
63001
68335
26897
74151
57155
4036
81292
93588
23449
76802
25662
34187
72945
306
32645
99534
537
84042
96865
42985
23088
54615
58960
17651
50770
32487
67769
62755
87467
21009
8932
26604
12653
87873
97702
77207
10685
51588
97242
60027
59623
85580
67211
33148
95442
21120
69326
71453
68461
1668
9132
78947
23241
95968
33790
95655
52513
90831
20145
72727
57267
87911
88297
16747
5779
25696
21057
58719
26165
73154
44016
66898
89159
23055
35079
33561
69121
61418
26583
79232
73781
54659
432
87614
44033
80865
46436
20628
66179
89066
47019
14563
12492
89138
85823
231
3789
80605
88007
60275
82126
2546
91536
15146
12830
57471
64567
5815
19652
52547
39940
36522
31028
55292
90353
11216
11133
9134
93096
77805
64895
25324
72266
77433
23546
65254
83627
60724
20865
31567
63291
40743
2605
24713
30592
43161
65423
61871
92671
78570
39037
79487
34297
45552
13262
43395
82642
69451
83104
75131
45453
21383
94326
71976
19443
54158
2176
29975
73426
9927
80754
36872
94946
95471
12534
2586
30531
76114
61406
34228
55202
77990
36113
69843
69018
45029
2695
20971
73335
77541
53040
54236
15766
68757
93422
90611
19817
98742
50531
54937
39638
7379
13028
75836
72767
15871
21069
51448
67324
48042
80911
88322
90244
51935
64900
95057
94507
73469
80611
29193
35269
97584
65391
76965
50665
95020
10026
8801
46705
30981
38855
79105
86525
81069
72124
60385
54199
40651
91030
39129
49361
73076
63015
24493
89770
26601
58170
70959
19952
28141
47463
37265
49728
26689
40770
14283
58985
29278
94702
62117
52526
4175
81327
94082
20362
65512
28541
72809
8269
96486
87220
50064
31845
62373
88393
20200
90296
33656
9943
3232
8909
24968
84150
91894
32715
22188
81357
50529
46297
78274
24031
61460
66757
85319
7841
27023
6464
79001
99179
24360
41414
28454
41677
42482
45275
68176
58585
2343
95345
33343
92126
99511
4295
68515
90645
58509
93899
29029
49684
65658
54559
24777
53055
45761
27417
291
30143
26494
83141
63602
49835
40020
39462
74621
65090
87697
43353
91817
9915
88448
4250
95508
87380
91819
62976
41169
390
96042
35459
76960
48154
74284
59390
67753
60725
23521
75343
73269
91342
96867
68732
82570
38720
29503
11631
57441
11642
47811
68738
86149
91316
42309
21814
72810
58013
92909
5309
35111
57583
50496
3736
47185
35460
57675
66810
822
26370
85256
98347
339
91537
39440
70856
15090
28366
68093
34344
57668
67992
57530
36346
38263
60455
394
74314
50100
29212
30258
70498
87127
15508
16676
13485
76108
27382
67017
89623
72739
84716
53834
72752
46255
96814
38330
8879
41152
75033
98308
75027
35899
15807
58860
67205
46643
27416
76229
24601
71527
26551
81263
74323
39864
85175
57066
8583
77604
20020
3291
54073
62276
91798
73018
85634
97406
57063
20374
89524
5512
86502
41381
5045
3930
2100
38028
58087
27662
2220
55656
42600
38135
60528
49590
36213
4027
54078
48613
9801
84143
28225
2998
20739
89838
20356
82957
38086
66868
41761
45335
42875
73661
4536
93111
58033
12917
64859
35407
67108
18396
582
51847
73018
72504
47148
95581
77866
32567
2412
23146
84568
44799
48354
67789
52059
25236
17082
33878
98368
24838
33632
17297
27879
66899
8563
33292
6283
51104
50136
88487
2400
90544
59178
67543
60340
84702
28367
24151
56631
12157
11429
21229
54743
3754
50683
63476
41252
13962
54749
21322
34195
97509
7560
60952
85662
20223
60379
1273
71848
65903
84430
66089
10399
27966
90908
33388
89274
19741
77628
92153
35841
48419
98190
35873
38955
2978
81680
32127
77186
70693
31728
92285
11268
38504
67388
86368
42211
39444
51829
1458
86508
26358
56770
1034
65317
48026
47777
88090
13294
61065
36088
91477
42730
70332
42442
53339
4024
85532
95941
8130
48633
36568
29912
72898
21878
74402
66081
51357
58874
62887
44452
9514
17274
57128
3256
14045
27414
21145
60252
34676
47703
95414
70407
17024
61432
93789
10973
20270
98113
53868
12445
76273
19054
5592
89207
48782
79758
807
87547
45028
34119
87722
28461
73942
79127
49339
86836
38006
18806
83215
31409
36687
5495
17367
77581
94063
13549
55289
68428
89679
62154
10502
18717
70273
9955
65752
89491
3413
43119
38058
75342
19880
83918
86420
75570
34697
42214
26593
28602
64265
98889
29871
42149
59647
8435
80802
76750
90453
90159
86533
73017
7730
19224
90174
99305
31557
34653
74669
98191
39979
91358
4769
39390
77789
93523
20535
41977
71769
79116
2319
68909
91178
42835
36333
27547
83287
12014
69897
80749
22854
24224
28340
73162
48555
62319
39784
79461
53777
26144
49962
94512
44899
7934
32766
29710
39127
62330
59079
97893
87159
71980
59578
94482
43758
3352
10045
98871
95532
38316
69890
7472
62262
77958
83578
39971
89869
69138
6168
23957
7705
48080
45091
57401
4017
71636
67158
35331
47530
85543
81656
27355
474
76075
73140
62637
11911
24572
17940
85789
53457
86290
90079
1784
68121
86947
91180
35238
34733
64325
71649
3932
84561
67153
88973
79214
89387
35779
93342
99265
74154
47166
66047
52702
59668
43213
70386
27970
78027
20964
48390
55058
11548
4644
35637
97260
21764
88413
61181
11513
26942
43310
64729
84287
36077
39400
78363
79603
67907
79312
10760
78795
43116
51683
78800
62034
32698
54421
50824
60500
44909
63090
94950
4121
51518
71077
33560
41295
4777
6231
8834
511
59733
25358
51250
95458
32994
94391
66721
8621
17037
35167
88329
19943
38178
30587
66621
28635
67167
41415
60778
88297
36705
90027
9384
12950
10254
54266
87292
72612
43998
67252
18926
68189
45414
21068
84353
9385
3938
49699
73140
51935
71167
52147
15669
42647
97922
87592
99837
66078
8856
35560
93995
62371
187
46868
45665
83374
25662
80294
72917
98640
50486
41690
41877
38038
47493
25289
51259
50807
41795
70417
36808
25261
82603
3248
32223
42016
57567
71535
85825
77181
59321
9404
63777
60518
97264
34415
34884
25956
33475
81838
94839
90679
92421
85868
52748
66574
37253
26380
29778
78161
41400
95427
60719
1723
93093
76571
8797
294
81165
53364
81695
69471
8726
38150
1023
86392
45010
31137
54917
48828
98320
86389
50325
78941
27391
19725
11206
87049
80122
26422
23419
32507
72021
90494
13504
32206
36323
96312
17666
96652
54913
61628
62474
17317
3970
77610
74744
34555
48823
29199
63705
8538
41019
1696
37189
16325
72376
92227
47927
19819
48378
90350
40810
92537
62926
807
56972
96745
52823
9994
75233
95000
40013
42185
2999
54101
79473
41965
20258
69013
50386
57211
43635
64739
89461
76722
35737
89236
11109
18001
53844
5657
78103
91574
21010
26543
23736
66816
15433
81616
66677
38486
55024
82444
52071
25472
33562
12946
72313
30707
22543
22439
99575
69899
91304
98778
72885
6992
35751
51854
59257
79867
28529
16406
87078
70162
66665
70592
12454
68463
34251
87464
11122
92255
89569
63757
49089
67046
43845
64768
65420
8223
78356
17688
59418
6241
54859
32355
56077
15454
70433
3671
66983
39077
31425
59655
