15029
91179
59024
69749
83462
84648
61528
92313
93383
77194
94738
25797
71053
13339
12261
34013
98760
68038
67098
64421
15228
51969
77124
36160
16624
66870
53817
5730
97919
59888
87678
21524
46156
98495
27970
22340
19379
99336
41825
19526
37819
43499
38536
28652
62983
60946
93944
11261
10827
59508
36387
91508
51132
18787
56372
79864
71104
83416
52811
89972
76261
87768
96454
22322
38766
99
63355
45912
3591
74874
75777
92479
51001
23626
1295
94188
34233
66489
34748
174
6747
26380
21222
69555
64613
48210
3534
8838
75838
9809
35136
48329
1701
58699
88112
8266
2909
10220
97664
18214
41030
63731
51518
79895
19143
27483
68906
79067
66407
4933
45205
29539
89564
41827
4742
15892
22491
19779
80118
42749
26029
35894
54107
83862
26978
70396
69857
9489
84383
3566
85268
15072
91603
20168
82651
73923
44776
98865
35998
64651
85237
46568
85800
23280
45616
70509
86503
50380
32833
72841
52176
91026
50577
77754
4640
41550
69185
67807
81598
60507
90232
24157
36188
13211
35828
26124
18363
18998
89953
80449
96142
73394
77511
60440
69559
55690
68701
48669
67086
27535
34620
17207
25536
58968
73551
64562
91156
8039
15622
90696
19689
6874
69034
46668
72539
83690
58571
45682
4644
54244
7797
61406
26687
45570
6848
85256
46183
90565
13703
24136
28191
83024
23600
55875
57771
93028
34922
7890
44667
13716
84949
48940
62183
79236
34971
70480
35030
63075
1533
78865
15161
22562
89768
14877
2484
43984
19206
31628
83741
67443
12080
77922
99101
75973
52385
30816
74259
58025
46982
99086
39672
46248
45202
92509
95261
27533
64910
47996
92016
15225
13709
58458
38910
44195
48446
99826
71538
20912
63579
19096
28123
24587
49534
22078
31212
43745
13907
50019
44637
53531
44616
94777
27535
84697
56288
43761
90221
86120
4679
11077
494
87167
54241
17250
97270
380
36156
36400
63324
27478
4323
75296
45607
18110
5524
48337
9873
72663
2889
35710
30638
60303
69362
8424
6149
26841
69348
75355
98013
97161
30123
19167
20595
88299
44187
78174
74439
54432
31812
63916
4311
54454
44900
73688
59523
94210
4022
67470
76176
95677
75144
19239
94312
76824
12746
26478
16766
69790
14114
97647
12559
85061
21117
69054
45540
143
88928
49440
22548
15619
27133
19514
84391
13603
63360
29653
88277
8491
78953
1323
67820
38661
82996
77265
43056
71435
64468
14240
31837
36634
30558
11841
681
70927
4833
75381
88868
72961
96660
58942
14753
53050
68488
68622
65102
17747
42908
37034
57343
80139
98032
80026
35338
13796
97841
45424
69611
20795
83378
26194
70023
52610
68412
87077
84461
21723
44668
65624
85240
36563
67514
93643
42194
72472
96235
70555
87827
34073
59484
13995
30855
46041
52239
42831
81165
90511
35874
73304
45211
49468
6026
93463
98431
3786
83807
19632
73857
23102
305
62173
81220
48922
31608
45531
20555
77682
72393
48757
7416
87112
70084
52844
86351
95014
20042
46016
21242
15384
40140
26077
7718
55843
30815
46564
49450
61606
50956
85237
82567
68683
47908
9686
6923
75338
55824
11619
46160
72827
40390
77938
91202
34965
5271
99297
5341
91304
31846
54270
18516
78804
339
5427
35598
6468
70549
49869
55627
37130
7431
37031
32517
58551
89689
7800
4946
72695
64935
2389
23301
4039
5862
55716
94388
11541
46075
17470
25268
39827
90950
41056
75456
92214
76123
73743
51481
63889
64241
20421
33735
53961
45299
98524
35934
28661
39957
23702
56508
36981
641
49575
61230
41963
33166
66015
35410
7450
21426
33368
7287
42554
96622
7032
96577
66836
45576
93827
60617
68448
10134
58465
19585
50873
19510
69479
53461
58650
84187
91813
13933
37656
94945
78987
42383
99835
62945
3065
13089
2457
89984
65985
16396
98545
70851
21915
26332
99201
18813
37285
2564
4517
3272
13269
52030
33933
87666
6685
95280
8665
14575
42393
48586
51763
28620
78903
72844
28937
10820
89028
89157
85638
28043
85967
15478
24044
89095
765
24309
10993
29599
46792
70477
51507
98060
60660
42306
27512
46924
39664
80018
34598
2133
37381
3255
66652
71302
64318
75113
65963
23609
21428
47169
43445
48981
10933
6297
87296
65665
40177
50383
44759
77618
94080
10919
88510
24421
64915
72432
42095
22408
6550
73151
83286
18226
15038
29175
15141
61395
60661
63115
74101
61958
43135
18682
51834
28804
97543
84409
77889
57554
36076
17998
46632
43098
30178
58584
63579
27063
85062
972
69895
83561
10433
14011
82460
86985
41816
41967
62948
29239
59470
55732
34138
27919
80503
82035
70888
32409
51994
39129
7170
57504
94113
41047
4921
39514
62176
84227
20413
62118
51072
59483
51986
95669
28583
89577
94317
89054
60454
78562
79499
41845
80959
25417
33070
2582
33008
48529
59861
44059
19008
71199
61431
5518
9093
85358
10300
89592
89552
26572
55096
45815
17174
92801
87717
17550
25787
13231
78300
98102
90589
42229
44655
98450
90298
85326
66246
23009
223
52023
92820
14925
74799
2670
51573
22304
49580
77302
55526
68310
50661
21078
95649
97005
83163
71777
82932
83481
55153
52176
21277
15828
62065
46700
85988
91026
71733
44232
20661
25811
43928
9578
31192
370
33114
37194
31887
93882
11529
33363
2027
40281
94195
65511
62571
15372
78373
49856
40467
47641
91966
90640
24101
74332
64277
82985
21150
82905
72771
99961
91919
77200
143
38350
44086
28783
51477
81719
33561
65537
31826
16010
93567
44004
13646
94946
35851
66073
95398
77633
71222
61844
11604
59987
39207
86034
64702
32467
30801
39787
87960
33318
9385
2397
66551
72453
3747
60136
36052
83993
8
13976
32472
43231
31126
56029
2954
79115
35668
87478
88370
41128
16688
52268
27561
20957
50135
97435
10751
39148
69329
91435
169
26068
67958
36093
50533
39862
79729
27040
97643
96884
18671
99908
91986
71541
29444
52934
77051
61894
76859
39945
35454
10875
8407
76646
60944
10930
98314
19354
11502
60888
55185
47646
88488
42917
31563
37684
94477
37379
20789
125
86190
94988
40195
47879
16626
52785
36668
65796
48182
6775
69779
37430
16830
96475
86045
47750
51837
14390
71892
97491
26653
28860
17255
10312
66603
6751
25019
45799
96290
98352
22915
32129
31122
14277
26775
22887
87885
64406
15540
19899
32526
2722
78576
76735
42438
95631
21592
20975
34852
10990
23592
41227
47936
85980
53542
57996
18597
54212
52347
13944
56249
60354
36015
97393
23722
80516
20576
50599
91574
58793
42398
65038
10711
88587
93159
15018
56841
83224
85818
15527
93017
81404
99674
76389
22348
859
29537
75664
96042
82650
16030
99917
51749
41949
140
24529
54409
26123
57681
1644
41410
26349
13008
7426
38757
7094
56683
8442
81276
76637
2616
65104
21137
41733
18047
90853
533
28029
37965
24214
67246
95651
80952
72810
38395
33892
27920
4356
63110
44863
20350
35865
84197
71975
19036
50427
61964
79271
8624
2868
16466
22880
80198
18543
20318
66509
70058
85871
26991
74504
49151
4227
91301
74533
39294
88241
64527
68604
29102
33168
6162
36868
83868
59698
97618
58107
96759
69597
26400
39266
16075
83803
95200
51269
95577
90087
69270
27672
6031
20232
57325
29
39113
8571
76995
95587
69155
32136
26549
87720
64953
56407
21858
89598
18046
14587
6110
44812
97365
61964
97110
38667
36976
94739
50394
91313
90498
53950
92172
2027
30019
27443
13540
85314
8288
23937
3005
24224
12380
67314
86752
84141
63015
33213
49003
34674
66968
3673
3805
9022
45834
96907
55680
80390
6161
82048
63732
92615
69720
94166
36020
78312
76409
60340
70151
37723
61624
15579
72006
40418
46108
77556
68421
45934
59818
21512
20191
71458
50687
40719
11906
84726
54122
92224
69940
54776
67813
42855
78849
77292
28974
27668
62786
18292
44806
72240
60108
32235
28357
62859
5938
69964
53399
69201
78839
91088
54903
94651
64724
68403
10567
833
61378
9336
57513
59085
12197
70659
48957
30282
47926
74276
65144
68188
107
64628
51357
11050
60580
67863
26810
14486
62613
85409
25954
2925
74987
18582
60098
51545
17053
47498
27523
58835
42769
41959
36091
19350
98663
90540
95727
28976
40934
91794
3561
14322
74081
55594
72946
84518
67750
48642
54413
56191
75235
92679
29424
30220
57141
52197
25503
20007
67566
95529
263
31306
97698
91623
63155
42721
91887
58839
34319
40826
22886
49723
5623
25593
82362
1052
22298
51016
47684
78193
2609
50924
80560
54657
84470
94643
90696
33344
60738
39113
37147
9398
80071
55337
93834
46333
18631
25424
60847
1545
11055
69902
57258
68354
26228
8214
18537
16204
32296
17941
47283
9672
31577
75135
86321
35059
28647
23300
55897
39340
18431
69346
73945
33651
81944
40148
8829
64909
82249
19560
20413
53540
89862
21359
32133
18923
53429
54253
18562
49312
91345
16592
28486
62122
71739
25693
41753
77377
41207
97574
87420
36236
36490
78007
46874
68550
84974
17040
65038
18714
38895
20333
8331
71790
96133
30369
8748
79612
94127
8738
7545
1786
84168
80893
11602
92219
48585
92074
2107
5999
68859
63130
14820
36965
11799
56173
39316
66577
10971
65984
38610
45225
98315
56771
12655
29033
18018
5033
10995
51414
31284
4632
37762
7648
34594
55425
12971
30528
87128
13641
41549
11457
61606
55654
74599
30523
63513
43621
6842
83130
55862
56904
86652
86077
79826
36557
18460
56858
72337
3081
71917
46783
88825
43989
25138
89012
22962
56350
37028
91389
54140
85856
12867
90555
60493
96685
19350
49169
64262
65190
20672
3075
70384
300
97826
36955
54776
63537
19463
87526
40485
552
50095
25563
51698
81563
60603
5532
18092
12602
31890
63669
14601
69809
39215
72513
30019
88819
69608
21131
75408
46163
40570
34066
73439
12561
46550
81958
10609
92977
1762
79759
72754
47079
41389
98030
64691
67182
70867
43386
20357
92665
81097
40556
25939
65153
32550
47159
56924
15612
77231
63214
33868
4495
6173
26666
63799
23322
85100
5219
87153
57618
8834
39515
11692
64108
42330
77114
80751
59764
19469
2004
68368
93373
11709
32103
79182
55539
31517
15617
28237
89901
66079
93502
26638
36543
59643
77582
2827
15755
22969
54293
14380
82423
11356
46733
81993
93242
23339
17862
8188
52911
73597
2093
22177
99852
85729
458
45198
64621
13191
24803
92041
23177
590
47486
16874
48807
17578
45252
57199
90665
29649
99041
11702
70117
56387
5992
19546
91285
39124
49460
7372
50149
47672
5865
30221
23818
24233
74072
84198
86449
93464
6177
32101
27029
78798
16179
24980
15882
76125
46639
81815
81751
37256
7691
84962
93665
8811
86802
30549
6241
48904
16520
84437
53624
41616
29643
34408
96665
2251
55670
25740
10084
15748
85727
72372
53875
91635
54944
75712
782
49000
31795
62712
76441
21297
49206
17670
88461
52008
91566
91661
65411
6524
12935
85417
71628
25083
48537
30020
71743
37977
7303
48466
16714
61023
43489
48203
49641
37490
96074
85826
1461
85887
59764
14630
87891
44801
18502
12756
73485
99022
58463
29271
99166
9444
86613
87390
70407
67307
77142
61880
83295
21927
61872
61166
89223
33629
80780
40124
82203
17503
32084
34094
76068
43862
83061
75060
34442
29643
49600
61281
68391
46610
28491
88870
89399
70451
42453
91942
44779
92790
11494
8021
16477
24075
97268
83570
77918
97331
87906
21502
98123
22606
4643
88216
61694
20962
17148
83766
19297
78660
53512
8834
74141
54247
12821
87310
37296
95422
63371
44566
349
53679
77869
68817
46622
73623
16856
63059
76820
89012
81224
39842
2335
68594
29626
30451
39145
42773
2124
60673
66716
23072
95009
18057
51476
18848
7969
67748
92271
67449
45916
11106
38177
73258
42831
39839
26053
16767
29055
40165
7053
98995
79042
10079
18938
35520
9566
56500
22023
76581
49417
34632
7488
563
75887
47115
40912
39859
11282
72060
61848
6199
39468
59998
83739
9916
32016
10292
56502
79801
49614
17276
45389
63590
28629
23270
25888
58892
18706
24048
95613
51365
31639
70559
59279
97040
57112
85916
53525
80051
49646
66888
21069
97165
98142
19805
85646
92215
75572
26947
88949
44790
50152
92492
25303
38721
70179
69165
16086
90601
40859
90905
9007
54409
71898
31099
17904
51755
22045
62992
83142
14805
44984
52574
33684
14382
52631
9845
91360
87025
11391
1
31079
30605
49522
13033
99537
36726
6610
57831
70719
28012
45277
86468
88097
97285
10870
87599
27108
4090
62212
42842
72968
48171
56500
43954
54608
13040
45690
60569
76307
42525
51477
76321
12975
17328
33200
93799
75165
62490
37348
69609
73471
12776
82619
21829
81686
96814
91567
31024
12113
94895
369
90160
70911
80939
77958
15799
98885
66501
89452
59868
99051
80623
35034
50839
74897
79796
48197
41017
44768
8962
85375
89670
18747
97811
69881
16848
63059
88918
85385
81233
57081
20191
58119
44645
88399
61831
77106
3777
53560
69441
15312
36308
11758
96955
32114
16408
49778
78989
44245
86325
73757
90369
55557
19955
31829
69534
62716
67769
66556
57459
37736
32679
11747
24957
8011
97292
98843
25301
75676
20997
92524
56473
98475
53811
80350
92053
48449
33559
501
27950
55909
80653
63674
80107
17052
26659
44691
83552
47528
28020
8533
14200
71313
45637
76560
67518
35585
73498
6889
79752
69640
11830
16037
52289
93312
92334
88896
79282
64491
2249
35550
70284
30969
80311
8121
39156
646
12266
3865
10315
53664
15093
14401
91865
59878
75743
67942
85654
38731
52228
55419
96821
22746
39561
44167
68109
5012
72697
8408
56644
75637
59169
26609
43866
34324
7333
75615
65520
54761
10557
99369
25044
58345
16143
28166
24810
90508
63530
41928
89912
2416
26588
54294
85678
20438
27665
85847
17072
26762
18344
15274
37121
66657
22324
73715
77262
14523
89452
64944
32308
39
69679
42057
7630
71430
15896
77094
20768
49191
96857
18042
71225
76114
16823
30493
86632
25984
83970
58072
55807
78631
79503
6809
12060
5556
46708
57895
38649
76625
70560
5679
16018
57062
41844
12956
55983
47515
90562
4422
9517
92988
18880
77921
17485
95797
90121
49046
29624
17117
29393
17199
63181
77391
23202
99147
20265
51506
94552
52049
48274
37819
86325
82146
78880
58185
81217
77383
54632
65294
25954
38953
95207
45549
21492
62272
17383
90398
83782
8195
64849
90287
91313
58622
96175
75333
5813
7778
2972
85984
63825
90390
61643
71132
59359
2539
8689
97907
42762
87405
11504
46816
1613
49045
3840
99327
86185
9883
32956
49169
2498
66985
90983
43547
54359
41131
46457
13677
11452
24899
62634
5152
16853
63416
83545
31897
10482
38671
43513
34666
93058
14482
64409
11320
46293
51724
18062
68183
77682
29559
46816
91761
17105
50860
37294
14469
57590
46937
10558
79564
87370
30353
40293
2744
18136
51326
67279
88661
5889
30993
24972
80209
56669
74234
88408
70840
61359
22547
37925
34103
1347
95862
10790
13666
88390
73327
45242
76562
98146
53805
93459
41158
81685
50322
547
83370
86733
68489
30243
71445
51234
29655
99903
25932
52463
61258
74784
42148
17423
58702
67319
78917
13360
12382
51011
36265
10615
66456
71264
41668
64944
88137
91180
4574
41615
29480
64023
29851
74216
11775
36486
6204
9031
17187
50596
3967
87501
76068
76294
16833
31465
77440
88025
24579
25486
47859
59947
64938
78198
62025
85266
71808
48019
59347
90429
34457
97709
40216
82037
976
10014
72771
62927
33935
12038
32634
91665
19822
55339
31279
7678
65938
70032
53295
77664
72919
977
23479
59345
51784
21176
32455
45030
29707
25088
24239
81849
59898
12356
48709
60657
85163
86786
1017
67120
34226
63473
97440
60889
38012
40956
48012
45147
84508
16570
3197
66207
25027
24939
23984
86602
82760
83954
80501
29839
71463
40106
16319
6676
11302
59558
89141
92351
35506
13192
63845
2206
13320
86045
73592
94928
35471
15636
82497
32082
21635
11993
95919
20042
16461
14899
90753
97321
53069
19990
90617
50017
94266
79173
72425
80516
26240
21832
11114
18804
5992
41285
44652
53548
16757
57822
56232
13482
62666
36584
24657
83703
66762
12227
93064
46357
93719
42298
91535
29668
17916
46137
27189
52176
79078
67366
38736
56187
4493
126
47785
70498
40176
26701
99409
20655
20990
29608
84050
88315
1425
22027
28768
47005
5141
51690
47086
25076
12199
59606
53916
97485
11384
82095
45390
96593
19185
50336
77881
76269
97488
91803
30166
70175
44688
30770
55385
37147
16871
78223
65915
24504
50600
43633
81522
94265
78601
72804
98147
79355
22592
36475
26382
81688
62694
14924
83496
48534
76413
44008
84358
64720
45038
65301
18357
78462
9515
55434
66214
86947
23059
26823
43526
39123
55603
65487
53100
53567
33706
45091
42476
22687
46053
37980
84873
48538
25865
30436
82279
25365
92400
52689
37533
61014
32010
51903
77065
37971
37028
52777
43774
25820
40358
15588
17465
3106
84023
49432
34705
91138
73339
1244
36045
60914
72412
10029
1519
98887
8646
6122
20462
73953
58348
40815
79297
89587
75945
17836
90071
92275
30369
69250
11812
97242
68678
74041
78454
31480
30646
70497
42758
47063
30273
60899
51497
38154
27016
6850
9830
64435
84033
34484
42658
71150
41719
69335
94711
59229
18254
69842
15203
19696
23269
95337
85437
20912
64916
27388
51074
36777
28309
53405
44141
37266
78751
7852
3110
37626
13453
9297
79217
63889
77149
26132
56199
52688
55060
56796
33666
93990
26238
42947
94609
27520
73012
17203
10732
26547
83606
35295
44577
12585
79352
48096
78924
12646
13338
51211
43238
59094
92206
85227
87860
58966
76862
94240
83969
99739
45286
1299
21062
63234
51517
85236
58373
91829
7409
75667
73621
43959
87408
19416
45079
65805
5475
79167
73319
98952
38741
25523
24910
51219
33297
75302
55860
70293
745
16874
37075
72132
94291
29039
73415
92263
17518
77658
97890
57765
53154
8926
88988
85583
7654
84985
34983
60807
1851
17966
80928
10156
72181
25786
21441
71459
4857
51669
74836
23971
17474
47975
78114
46397
58238
87365
53034
88423
75957
81639
32589
3651
52778
51655
9989
21776
94874
16695
88374
28653
60578
92127
83421
42565
74973
61298
26661
892
86634
36653
30520
78164
44588
73515
86035
18716
14411
29832
46866
82390
61560
74576
64650
98243
12045
3394
32085
97614
64659
54182
38920
57394
12861
54248
35841
44328
31250
48177
30396
68337
35784
77985
25573
11164
63435
49003
97127
78100
64990
13068
48323
66697
66712
27593
41533
5498
34063
18724
17264
56924
37267
3418
11169
10954
44304
69757
51216
31081
3063
35177
74571
63990
28535
18629
7966
73134
31493
98520
76549
13657
17562
1990
49314
84020
10587
38469
8393
64218
3956
99424
98520
62543
37982
82439
89764
47337
76096
14865
879
75099
85457
68175
82678
78719
84955
52078
1479
68511
9979
29705
4335
6559
16901
37769
47825
94475
15621
74138
51955
17113
74720
77611
53587
1787
56633
84737
33815
65411
19311
93720
70433
77075
36036
6200
22689
160
71480
26960
41764
63714
37907
59313
6411
56091
59138
79561
20438
61857
27513
66459
14143
14730
36343
48024
73380
59219
2439
40508
65660
18317
13347
80103
44010
11396
71795
41526
6863
83533
21138
35229
47226
47532
56017
54724
98203
8639
38965
10875
